Lexographical Shuffle = 761372 
608007 168495 850335 732867 748758 966191 496728 554370 785735 996660 
334733 432490 785335 711821 781772 409328 906313 524364 725261 833516 
143165 484431 442797 289785 882674 174794 83912 617778 575669 985430 
46496 700951 743519 801038 337764 84608 217112 417631 400556 850351 
103989 931069 636824 696851 371940 6412 954136 339337 331630 337804 
438466 967254 736089 581325 444305 608622 91180 397845 211471 517751 
706708 798292 368479 309712 908829 729732 799662 905585 523316 671569 
327861 553527 706406 379596 317648 527631 835205 617338 522883 326839 
284656 271590 789111 895631 14896 977811 667142 495920 513472 172027 
546968 24814 186314 122569 911885 970766 258777 341390 238086 473995 
995056 775048 248973 180510 241132 820743 706313 244941 860624 695196 
951289 692964 963675 433820 70653 569468 86516 264418 651482 913182 
452628 797951 80025 125752 508679 4150 761398 585350 704752 813078 
479504 814164 923426 757421 965617 355118 203569 139642 945121 239741 
674238 603775 402595 446622 674529 877896 162394 982931 674778 715650 
785979 348503 76405 213094 419596 482303 135605 698480 581672 25969 
465059 771332 200770 855791 285175 122086 99912 690282 124260 46948 
979407 485215 137402 933505 911576 140458 110168 890208 260667 265944 
170848 558276 67317 31614 387028 723914 749989 497600 342578 473428 
5831 434982 326748 556548 872735 398211 396510 822852 720196 520407 
573977 551859 271432 689491 510770 54092 623126 499732 445502 728483 
403179 709685 621029 10184 402347 887227 203186 425175 217189 19947 
738909 440027 908537 866506 281945 900828 576234 450113 159052 346168 
618344 125423 90690 60204 576826 696204 178337 968081 975334 317025 
954177 789895 69054 396529 87726 78967 435466 937118 517523 45454 
813206 456685 196539 424833 989863 715132 185312 852447 664051 264798 
204396 183530 118593 237542 254351 337610 698038 834832 970688 470655 
449467 155252 280734 917347 589808 878516 69298 883057 979564 839740 
813493 134947 219737 233 877633 739148 258429 78267 928367 733181 
380071 352172 287525 727021 408783 58462 145041 554889 58686 662610 
898986 403772 799289 720617 977575 649030 111012 640717 160644 34580 
909788 351163 565546 388906 147683 200553 652665 837692 868082 556152 
439788 769707 60124 408734 597403 439859 299924 787416 438388 799621 
501386 771960 181854 884061 50683 707956 905316 240096 649655 160297 
506487 740746 896634 715746 144423 795013 302256 390569 445892 622520 
844927 111307 317112 25696 340388 198512 365510 664819 676830 835160 
722773 213845 167728 264447 505617 640192 28436 996799 460523 965876 
145942 452845 19538 212045 533248 937374 332050 216569 588142 693178 
176103 214032 664694 418280 43750 130660 734981 644230 64760 87879 
861191 789887 77318 701536 60667 390098 419397 400020 931873 325221 
111459 408805 445267 877857 551261 797757 51716 693288 785884 54565 
632683 169712 958075 829235 9124 15613 967715 324395 943487 691373 
469069 523334 154372 356505 530749 327503 615290 499143 30455 544246 
300765 848134 431988 165525 668229 24847 326482 386869 388797 656160 
252331 99009 663137 258646 262268 27660 210154 137563 694783 745101 
833477 628250 672155 65379 734831 669373 755271 10216 85264 514766 
155189 336662 709877 742194 948959 714829 32083 698746 702117 339139 
653549 389184 415663 66627 573134 779943 223072 630783 894933 298632 
857433 353073 349054 766428 282930 605478 47395 733851 648741 272962 
22176 249277 791358 216098 645418 698119 635671 593626 4368 785692 
949541 72059 596038 528240 371095 911451 124642 361245 549780 430050 
634894 60789 588858 404439 281239 550419 905909 373563 580346 271777 
944990 880679 906042 764207 283365 633969 52611 664653 432289 56087 
512400 200084 677633 142279 481190 355080 627192 995441 821383 668584 
477628 745110 527298 319339 817731 484891 256623 889373 345689 652808 
883854 182168 114324 958071 432657 731688 654376 961576 275722 863722 
870513 696857 184775 868212 933563 626417 719896 678494 926591 648431 
255928 185741 668874 177071 979135 749373 42106 636279 429103 940971 
621654 143330 444025 938389 206527 827151 78307 982348 683420 125875 
116484 618286 275177 490896 957193 965830 350211 31824 456480 736549 
790453 864733 792136 717689 658784 981571 444667 551459 748632 425613 
542472 328007 584731 378900 501622 822711 522295 475299 4250 610496 
735982 350103 499391 669634 186310 660196 566611 295193 856609 94832 
783913 352784 584439 982734 198271 879891 957586 617573 541540 102867 
335378 426828 664486 341051 606230 787750 928905 246238 9871 72736 
780885 950796 184465 258630 204395 790563 576559 168434 116616 795879 
258941 685152 92098 92366 909781 50804 549967 345400 56956 263349 
189983 346266 39145 542089 648864 652727 671554 309291 160036 795469 
280157 174908 798010 215155 654279 663763 554568 670737 197457 655479 
651118 342309 936993 172309 370484 700907 493606 456998 52111 437127 
155501 681808 167602 886589 94158 720312 264803 144296 295180 932430 
321103 560910 969934 130134 486621 2839 436072 252802 778790 975703 
724576 618685 648845 741345 724801 900753 910484 628731 509062 311613 
534239 990399 118917 511044 660156 918970 512182 431220 985245 105491 
750841 59671 674329 652325 620951 444405 814660 990702 458099 471106 
136411 688525 315881 663979 252912 449629 282176 671045 490722 801550 
365390 323014 70717 919000 38813 375139 929034 579072 120376 914722 
58144 88013 957947 663805 700586 36939 53636 19836 418752 408097 
277722 770905 244453 545355 112681 630495 87296 936907 907542 992163 
913468 706665 580757 295252 780680 23473 748816 636449 203058 675110 
391161 702729 740033 377216 672864 811971 501818 143839 791542 100081 
36551 134933 314488 313950 357102 773221 138847 342580 658533 861912 
916125 251312 805403 832899 57761 899137 508837 412421 34914 773671 
65956 282395 415624 963456 773896 651554 215661 949490 244053 632003 
825598 556693 995580 273140 852454 239257 558666 448710 583095 239854 
99490 168157 765364 194725 922513 15982 931004 819244 462004 867124 
667383 407604 116819 502470 930746 24404 847999 202864 995336 103682 
135838 412950 609368 562889 467482 800823 886103 935717 606420 469795 
696747 213430 768637 170972 743067 910451 996525 908056 843685 170322 
988870 758708 632588 563547 532676 421294 759972 727693 398828 902516 
801370 785040 357582 772793 377088 128953 286998 732177 735167 388745 
206789 388876 664579 780507 276058 879701 924022 125482 236919 918938 
638809 967934 383115 710588 222881 780505 532906 655996 20463 357453 
847241 51582 797890 107009 883305 419544 469957 970880 888908 65524 
554544 386385 95674 696887 961518 549308 620764 98566 38482 915669 
673579 945363 780199 869637 688668 45465 519118 219890 647966 710854 
110671 775566 891049 690685 141805 991811 874003 522677 912736 519680 
300074 79383 353984 700916 279738 6704 725091 958174 651798 570995 
445811 730542 515101 627173 588850 203262 833892 384363 468666 762541 
32114 924655 714201 654283 43117 868055 858397 627621 227575 192165 
563528 911771 782004 924732 363604 181284 698465 767900 522638 409885 
903332 683021 2116 142712 681725 524331 106901 512126 657835 672157 
83525 983932 386956 533609 877489 899602 647228 114983 844534 662964 
79424 952668 824387 468154 939243 20518 908687 828339 868897 540543 
765412 923353 800168 922220 492546 587481 468454 268499 39005 319789 
310561 174407 343511 406853 795342 34259 262105 262815 205752 532476 
283994 648210 964112 872547 440675 656016 893215 174776 590602 118191 
475393 824439 278848 200201 142592 975229 658101 764645 455692 973787 
680448 492164 640234 520347 850042 631261 682835 108037 843568 61778 
412768 196164 496714 940010 450541 795379 406655 369716 455191 102705 
853980 945875 601463 18007 440331 191738 275765 277071 660968 232281 
460196 511876 128976 255044 464539 258705 84788 737260 106402 157986 
111387 620567 917956 26647 776137 427044 958458 493947 748379 979279 
559576 410859 723905 860106 987882 821653 654777 986446 48014 949230 
854706 540209 739277 650882 176722 160643 455949 62056 146002 781667 
345594 142141 805803 270178 55754 498484 796849 376078 379468 445524 
34917 863169 220149 840210 109837 888036 303615 38159 793085 503744 
534703 431336 895761 781561 512450 52703 146522 311640 99010 241414 
211155 433143 475474 112405 519591 76771 908795 835953 3428 778360 
126113 6748 465314 611707 610943 577610 50775 624669 342781 811200 
71048 230357 621482 240255 975025 461218 495396 945350 658001 215019 
344471 819163 163436 733308 627365 943484 813777 532032 827140 767228 
616136 226823 268368 751706 403794 679117 647965 7993 148119 668941 
167359 512923 452245 899597 17994 417147 965661 687726 949362 581631 
529329 705489 505467 152915 657319 48172 401025 633738 343416 266966 
596377 73182 359195 354839 626011 96284 642592 414140 598231 623685 
995242 566767 439046 834347 738277 974186 268982 944379 520272 512771 
738928 571427 793010 189062 140663 430868 225250 447948 642398 600949 
438481 202836 115015 475075 754159 394852 314953 922803 990101 45137 
457205 747530 945471 334543 811091 675319 634760 860593 178092 836009 
652919 94402 859798 382881 840005 801171 863400 671322 400960 78014 
732827 758399 816141 356360 197894 702384 221776 885452 758444 452484 
999234 980603 278466 148172 377707 105752 1107 509796 621236 367767 
838052 538983 922743 326965 166445 915721 315119 745860 536457 849172 
728749 388056 490617 304115 415701 417834 531475 91684 196685 328850 
424676 509536 570574 703465 942332 569149 977758 136374 35089 23793 
81342 500702 197927 20483 557948 729363 525202 881443 983166 871248 
322283 882203 978026 95003 453872 7831 307858 901618 526183 772314 
449831 783776 636894 817634 954863 391516 933163 521830 524561 705774 
382501 512072 363336 260281 124545 487972 604598 209621 766372 726692 
496485 763627 408841 202925 325102 598501 334150 276793 365608 132013 
626324 233147 468611 926616 333139 22009 907708 446533 562710 950176 
365562 772221 49187 215444 638475 504672 109540 925560 636887 771187 
694975 260247 241374 911407 918606 28471 75733 744875 759710 418952 
99659 281038 355276 602985 403746 478980 721363 73313 351061 572604 
956920 41842 488660 929680 996522 312659 799661 303540 700038 309100 
361149 544116 486700 451654 935954 331380 741363 287324 781062 506342 
993177 680510 545888 101703 463711 729703 37683 656860 985604 308399 
953465 80264 324312 978715 491012 461618 451062 676087 627055 65268 
152245 420415 821254 594222 542386 961068 952661 170524 277188 674870 
937586 63612 883266 195607 286176 941474 103464 717345 317160 384620 
319130 992212 136659 483794 958193 448678 912040 198915 337741 381289 
727670 142190 305428 144940 95361 378851 696884 120048 774839 590824 
630355 527709 725487 393776 369889 179862 389161 575962 619843 588394 
652381 319671 679396 723589 951372 25671 206299 185527 65813 28281 
104221 120715 41722 598462 506844 636649 910692 266547 783350 957033 
600926 134751 226797 456149 678202 30434 694049 552329 837339 421795 
215820 973033 441743 806189 405564 910887 379080 2263 272370 477101 
642671 201070 978768 665910 453574 498796 275855 196126 556701 779063 
596204 156676 545369 884246 133356 726036 119521 891493 347373 807278 
982247 81794 210607 643665 741446 626521 272942 215659 761510 365563 
246122 642927 657553 758818 698108 621736 63190 251617 978665 570612 
834301 31825 629493 510523 217284 485325 221425 977977 401663 945313 
794904 681260 244972 960827 185637 483252 323252 632117 924681 79873 
157748 211886 966553 201713 206417 413009 43258 457443 160743 758489 
809177 587214 828348 86891 562076 141943 242540 757111 233837 974427 
498647 46411 397952 720279 497929 364319 277862 695628 39539 492464 
903067 802076 207410 892599 977375 821507 938449 663433 357699 250168 
544217 849763 859862 769265 13082 726024 600561 243099 462741 520189 
789712 845956 882421 892437 364672 728818 296075 539165 153422 21124 
181545 770719 671538 492101 886768 500509 550088 28351 214495 569533 
94082 612979 825016 999739 598270 947649 822498 634656 695348 51362 
352044 922012 238207 16519 57402 779070 818491 532673 216023 394688 
656775 344398 160343 708024 450165 475462 107962 52655 555688 585280 
266792 792530 243982 311756 1878 201914 467968 459105 923497 29391 
906245 268514 65138 418974 674959 937924 28916 328008 804495 196605 
566694 990693 913967 670855 774699 930907 1956 556420 562953 464032 
586516 280722 630972 277878 970618 332361 781024 334187 97123 920067 
46354 717836 116950 923405 317770 664546 282802 621948 549511 741052 
873206 536053 691806 442271 806637 261183 712040 293207 14517 504933 
667313 736331 300840 896194 917117 616024 199775 364113 661467 494784 
657684 845252 120799 940770 180286 787994 660869 373922 310235 965093 
485800 165291 254187 489831 379842 5668 645082 643578 915286 213751 
815492 739967 1356 939844 740271 299887 761222 349191 554622 135918 
201735 52878 937253 248306 900038 328094 636844 94769 35998 794553 
793260 921428 537 634952 739909 443114 934369 606920 696742 827260 
382891 175100 247542 269126 343347 577705 456143 132990 917411 711033 
292791 518043 873125 720283 172862 546525 863540 641621 50020 485796 
92319 369145 470528 81697 767504 846257 838451 890775 759636 543093 
5439 752115 539790 571330 329860 993045 378636 116158 224818 675038 
386686 544028 538739 411415 965635 816790 483953 448506 771802 812393 
947635 550390 803611 600274 129939 17064 635988 534613 254717 920440 
628597 73942 29747 453228 189403 643277 503176 427846 918918 259029 
527424 630925 909804 150303 390203 138480 550725 800081 459161 470642 
31880 589180 631954 708736 993374 421099 975691 496564 331590 255346 
426947 596509 820709 459828 817113 57860 963984 584599 396333 28141 
884100 537198 679121 987917 556243 848285 972256 285923 608059 39055 
282606 15376 787274 363175 899474 855795 355467 489775 55765 80224 
310238 947040 838410 807501 79518 750412 213454 682419 462455 145813 
254405 499352 743424 214494 556770 861151 864143 935537 761383 

Fisher-Yates Shuffle = 64760 
775048 407604 909781 213094 604598 142279 606420 950796 124260 555688 
85264 973787 993177 588850 995580 965830 789712 806637 832899 452845 
143165 94082 222881 812393 805803 621236 499391 398211 485800 79518 
945313 54092 677633 369145 4250 672864 116484 726024 945875 469795 
821383 103989 706313 920440 610943 511876 795469 391161 931873 95361 
779063 378851 247542 942332 142141 103464 177071 827260 795013 340388 
102705 669634 243982 146002 215155 524561 618685 924655 549308 355118 
817731 438388 729732 958174 601463 250168 418280 45465 913182 421099 
985604 645418 929680 469957 510523 698746 203058 573134 845956 868055 
901618 145813 733181 838052 167728 863169 418952 633738 351061 681725 
379596 626521 532906 705489 258941 58686 743519 742194 503744 651798 
629493 126113 608059 264447 402595 696742 563528 451654 37683 499352 
65138 741345 120799 414140 387028 883854 403772 642592 379080 566611 
550419 539165 678494 396333 589180 922012 111012 204395 789887 406853 
342781 652808 612979 415663 128953 2116 118593 261183 260667 949230 
307858 540209 371940 172862 433820 905585 521830 122569 744875 569149 
430050 77318 50804 319339 970618 125423 908687 594222 442797 388906 
908829 854706 532673 929034 397845 583095 911407 940010 874003 493947 
450113 657835 464539 452484 667383 213845 165291 923426 670737 630783 
417631 764207 791358 700038 170972 656860 92098 656775 691373 286176 
134933 787994 482303 872547 118191 499143 109837 734981 938389 455949 
345400 124642 628597 508837 848285 965661 419544 882203 635988 328850 
907542 481190 484431 807278 295193 61778 425175 66627 640234 739277 
112681 99490 136374 73942 999739 46354 491012 965876 324395 781561 
894933 664579 106402 758708 446622 58144 334150 63612 606920 536457 
100081 58462 352784 648741 546968 254187 419596 308399 412950 839740 
217284 954177 903332 740033 987917 645082 426947 240096 225250 783913 
287525 965093 350211 925560 17064 255928 152915 545888 197894 198271 
934369 586516 503176 945363 204396 587481 198915 937118 400020 731688 
849172 137402 949362 696887 877489 921428 922803 398828 78014 138847 
572604 252331 403179 940770 46496 432289 679117 343347 920067 956920 
681808 262105 915286 522883 375139 246122 781024 49187 483794 489775 
690685 822498 343416 680510 388056 46948 489831 217112 633969 461218 
251617 711033 296075 634760 150303 939243 277071 456480 554370 566694 
785884 136659 241132 500702 492164 995056 107009 200770 807501 14896 
732177 766428 720283 914722 556548 337804 610496 485215 695348 733308 
669373 265944 558666 815492 143839 328007 570574 271432 22009 626324 
52111 331380 887227 783350 255044 519680 427846 19538 211155 332361 
459105 258705 349054 899597 268982 134751 706708 135605 449831 933163 
554544 861191 749373 937374 439859 444025 636279 664486 652727 160643 
745110 386869 785335 738928 1878 620951 999234 211471 890208 883266 
598462 524331 119521 160036 765364 336662 189062 793260 967934 952668 
857433 824439 156676 497600 7993 24404 17994 440027 696884 524364 
761398 314488 527424 364319 801171 468154 388745 271777 447948 344398 
341051 866506 34580 570995 513472 754159 951289 110168 957193 145041 
214032 620764 239854 793010 545369 483953 978665 35998 38813 380071 
768637 384620 935717 323014 79383 728483 310238 993045 662964 465059 
671538 446533 457205 690282 767504 721363 588142 81697 740271 834347 
263349 963984 501818 357453 853980 773671 180510 512450 6704 38482 
91684 28141 622520 620567 317770 28436 345689 401025 51716 589808 
590824 648864 512126 363604 940971 623126 160743 334543 299924 43750 
655479 327503 850042 529329 520189 326748 648431 736089 496485 216023 
396510 357582 28916 280734 515101 636449 799621 710588 71048 485325 
6412 643665 913468 781062 468611 772221 576559 945350 569468 153422 
23473 305428 715132 43117 790563 78267 442271 759972 314953 191738 
725487 795379 922220 910692 157748 995242 169712 975703 979135 65268 
167359 315119 268368 886768 15376 617778 910887 879701 755271 63190 
663763 132013 811971 499732 873206 747530 490617 209621 142592 709685 
38159 916125 640717 651482 36551 172309 455191 918938 658101 505467 
673579 845252 725261 382881 269126 757421 736331 73313 838451 833477 
76771 30455 337741 386385 931069 890775 5439 275765 281945 379842 
550390 206417 556693 389184 923353 757111 111459 687726 585280 974427 
800823 510770 147683 470655 769265 632117 581631 233 803611 877633 
9871 819163 871248 134947 963675 343511 29391 631954 92319 649655 
444305 355276 961518 593626 792136 732827 432490 600949 211886 843568 
498796 949490 189403 672155 958075 427044 727693 219737 627192 847999 
122086 576826 230357 490896 799661 700951 947635 541540 331590 544246 
660196 855791 312659 909804 549780 647965 19947 180286 909788 125875 
886103 183530 696204 965617 315881 13082 365390 924732 326482 671322 
878516 602985 770719 652665 259029 542386 743067 467482 241374 985430 
715746 31825 86891 657553 496714 356505 652919 450541 849763 317648 
884246 660869 365562 268514 418752 409885 409328 258630 700916 978715 
700586 262268 910451 780885 967715 968081 885452 432657 996522 627173 
94769 642398 611707 141943 773896 682419 733851 930746 943484 361149 
937924 600274 973033 377707 794904 244453 780680 523316 155252 451062 
406655 523334 80224 266966 87726 696851 512400 219890 559576 210607 
632003 184465 772793 144940 679121 144423 286998 664819 608007 99009 
700907 893215 440331 816141 834301 800081 792530 213430 850335 341390 
738909 56956 439046 575669 638809 820743 698038 388797 39539 220149 
143330 18007 337610 52878 892599 873125 982734 825016 421795 373922 
9124 15982 554622 378900 55765 114983 303540 390098 512182 449467 
239257 511044 642927 778790 671569 708024 201713 39005 135918 761383 
248973 928367 226823 221425 81794 271590 215820 1956 325102 184775 
825598 80025 665910 133356 809177 227575 216098 470642 837692 463711 
335378 848134 859798 618344 919000 115015 698108 835160 260281 176103 
252912 60667 326965 660968 125752 552329 232281 203569 268499 926616 
21124 465314 654376 124545 353073 748379 749989 902516 157986 908795 
205752 870513 774839 906245 525202 346266 764645 509796 282395 805403 
272962 24814 497929 174407 944990 663433 518043 34914 988870 262815 
813493 711821 130660 439788 317025 72736 382501 528240 967254 840005 
195607 688525 725091 328008 264798 977575 309712 23793 450165 975229 
300765 609368 522295 266792 168434 160297 298632 785979 468666 780199 
579072 25969 201914 532476 192165 125482 379468 258777 311756 215019 
963456 540543 363175 174776 926591 652381 588394 349191 276793 319130 
431988 458099 928905 347373 606230 818491 829235 185312 632683 996660 
627621 787750 196685 966191 514766 28351 979407 475075 202864 102867 
847241 553527 752115 339139 675038 397952 170322 584599 709877 47395 
674778 779943 771332 403794 771187 626417 243099 537198 382891 509062 
213454 770905 560910 979564 937586 475474 86516 277862 24847 477628 
309100 835205 48172 496564 350103 25671 469069 943487 562889 52655 
739909 720196 185741 642671 719896 918918 31824 495396 771802 636894 
650882 656160 112405 238207 168495 300074 242540 596204 460523 549511 
36939 636844 911885 519118 483252 821507 276058 356360 657684 445502 
527631 319789 936907 852447 869637 141805 630925 758818 517523 390203 
329860 739967 895631 101703 69054 978768 365563 767228 270178 210154 
765412 444667 735982 500509 977375 140663 60789 577705 283994 504933 
596377 203262 688668 570612 779070 527709 201070 938449 931004 603775 
571330 174908 935537 441743 138480 94402 661467 558276 493606 585350 
702117 648210 417834 811091 737260 377216 814164 588858 964112 78307 
683021 51582 889373 924022 668874 698119 900828 626011 726036 917956 
797890 710854 794553 621482 758399 817634 581672 863540 630972 10184 
664546 453872 632588 435466 492101 991811 774699 979279 236919 373563 
554568 170524 490722 317112 911576 538983 400556 790453 303615 355467 
39145 947040 53636 771960 785040 81342 282802 246238 653549 202836 
617338 957586 440675 34259 31614 683420 116819 761510 884061 363336 
654279 28281 60124 462741 863722 584439 501622 915721 880679 898986 
332050 977811 78967 84608 7831 714201 254351 933563 424676 39055 
142190 802076 197457 160343 877896 694049 844927 581325 619843 365510 
475393 167602 621948 680448 905316 59671 498484 911451 576234 668941 
598501 233147 844534 913967 464032 762541 174794 856609 970880 883305 
827140 197927 357102 45137 295180 22176 456143 145942 911771 948959 
758444 630355 98566 704752 843685 351163 207410 120048 634894 785692 
239741 662610 434982 674870 883057 970688 819244 833516 667313 478980 
644230 495920 67317 838410 1356 198512 186310 908537 114324 175100 
640192 960827 498647 4368 798292 383115 321103 799289 142712 65379 
696857 110671 917347 693288 912736 727021 1107 359195 75733 674329 
327861 969934 94832 87296 278848 748758 750841 14517 129939 438481 
431336 520272 571427 858397 892437 741363 584731 748632 941474 248306 
56087 761372 135838 520407 159052 264418 26647 106901 404439 868212 
334187 814660 384363 120715 278466 954863 797757 160644 84788 906042 
200084 506487 729363 260247 649030 556152 512771 264803 933505 201735 
884100 415701 504672 763627 728749 954136 438466 781667 720279 370484 
28471 199775 448710 556420 445811 935954 674959 676830 196164 793085 
29747 966553 864733 822711 459828 473428 51362 105752 139642 801370 
824387 797951 179862 453574 861912 636824 990399 923497 43258 648845 
573977 549967 974186 468454 19836 837339 79424 534703 953465 103682 
580757 289785 888036 408783 533248 647228 445267 20483 544116 272370 
251312 116616 215444 923405 660156 983166 70717 475462 605478 840210 
827151 20463 895761 456998 65813 995441 776137 739148 975025 277722 
178092 702729 795342 433143 864143 137563 676087 759636 20518 817113 
791542 457443 551261 155501 726692 745860 448506 899474 233837 99659 
674238 616024 563547 990693 694783 990702 945471 872735 860106 702384 
600926 244053 334733 501386 140458 899602 295252 995336 186314 249277 
806189 542472 470528 562953 796849 556770 79873 638475 252802 982348 
596509 544217 485796 48014 689491 108037 415624 83525 678202 462455 
506342 636649 473995 132990 732867 903067 95674 685152 877857 285923 
674529 703465 822852 390569 937253 556243 331630 813206 811200 413009 
326839 148172 641621 671554 357699 277878 722773 322283 536053 408805 
741446 216569 910484 992212 664051 50020 396529 310561 783776 57761 
780505 120376 949541 185527 821254 226797 405564 118917 978026 96284 
280722 945121 345594 65956 425613 32083 202925 92366 448678 462004 
748816 136411 708736 696747 456685 41842 734831 273140 608622 255346 
522638 801038 616136 693178 544028 957033 443114 740746 833892 69298 
932430 55754 365608 386956 436072 745101 900038 647966 181854 896194 
364672 861151 393776 426828 445524 590602 664694 401663 545355 517751 
94158 655996 706665 459161 681260 918606 532676 556701 62056 46411 
206789 281038 855795 76405 45454 484891 970766 990101 420415 2839 
980603 378636 562710 706406 203186 628250 982247 720617 15613 342578 
723589 196605 569533 675319 181545 389161 575962 2263 109540 54565 
460196 333139 820709 930907 178337 881443 453228 364113 325221 658533 
534239 339337 30434 444405 799662 975334 5668 766372 667142 663979 
965635 266547 214495 882674 215659 828339 479504 868082 627365 781772 
996799 577610 724576 107962 27660 421294 172027 394852 868897 168157 
922743 623685 800168 635671 759710 668229 698465 668584 617573 562076 
694975 337764 35089 982931 767900 701536 778360 282606 596038 475299 
846257 91180 512923 550725 206299 217189 917411 651554 105491 891049 
283365 4150 658001 508679 355080 280157 424833 256623 983932 368479 
863400 144296 751706 452628 828348 116158 10216 947649 282176 342309 
90690 663137 237542 834832 32114 488660 715650 972256 550088 624669 
695196 418974 905909 449629 656016 311613 452245 551859 727670 630495 
244972 486700 958193 185637 25696 486621 789895 492464 714829 952661 
543093 691806 6748 724801 386686 182168 900753 867124 533609 241414 
598270 707956 672157 957947 166445 254405 42106 477101 671045 394688 
652325 313950 215661 961576 258646 285175 804495 238086 196126 371095 
212045 214494 773221 772314 512072 181284 412768 882421 223072 128976 
587214 381289 352044 950176 240255 886589 654777 221776 377088 993374 
162394 705774 170848 52611 729703 975691 888908 532032 400960 302256 
65524 461618 16519 922513 531475 537 821653 664653 912040 319671 
542089 906313 445892 196539 52703 348503 958458 353984 130134 309291 
566767 323252 369716 146522 936993 891493 859862 194725 717345 769707 
618286 750412 3428 860624 57402 598231 801550 987882 996525 431220 
813777 299887 111387 896634 787416 670855 816790 310235 502470 899137 
281239 992163 367767 977977 720312 621029 634656 565546 795879 354839 
682835 471106 758489 60204 918970 163436 408841 352172 717836 287324 
152245 850351 651118 505617 519591 200553 97123 738277 798010 658784 
176722 391516 275855 761222 551459 206527 292791 961068 526183 342580 
621736 695628 628731 723905 939844 907708 654283 95003 908056 657319 
410859 539790 509536 835953 741052 70653 643578 663805 597403 411415 
275722 977758 743424 99912 258429 944379 986446 155189 300840 785735 
698480 417147 456149 99010 361245 88013 344471 31880 989863 148119 
494784 782004 254717 492546 580346 388876 615290 527298 915669 429103 
600561 917117 852454 789111 200201 958071 311640 244941 41722 116950 
50775 402347 324312 408097 104221 534613 487972 412421 736549 717689 
317160 284656 621654 636887 437127 5831 376078 50683 730542 277188 
860593 627055 272942 80264 723914 728818 981571 634952 780507 692964 
985245 83912 279738 293207 496728 506844 467968 679396 530749 275177 
154372 213751 111307 538739 57860 346168 836009 643277 165525 73182 
455692 328094 546525 554889 879891 522677 631261 813078 224818 419397 
924681 520347 557948 189983 430868 282930 675110 951372 403746 735167 
369889 775566 34917 408734 712040 87879 304115 787274 72059 

Mix = 243982 
635671 468611 706708 213094 913468 780885 638809 771802 50804 278848 
670737 658101 99490 745860 754159 494784 174794 128953 795013 233 
94158 142712 663979 966553 57402 554622 202925 651482 530749 70717 
339337 52878 558666 438481 544116 160343 475299 903332 122569 388745 
496485 396333 342578 770905 783913 243099 727670 426947 254351 331590 
419397 198512 899137 782004 688668 977811 651118 633969 833477 554370 
576559 675110 86516 328850 931873 982931 990702 430050 211155 1107 
894933 869637 937924 664486 821507 206299 448506 185312 378636 767900 
255044 337610 820709 813078 299924 785692 935537 488660 152245 527424 
146002 36939 386956 425175 323252 623126 652727 816141 439046 353984 
490617 217112 714201 331630 43258 987917 459105 657553 949362 933505 
22176 106901 196685 87879 133356 617338 25969 549511 326748 50020 
134947 588394 135918 632117 600274 648210 179862 13082 765412 310561 
533609 455692 46411 524561 314953 508837 645082 900038 409328 911771 
616024 802076 517523 55754 143165 522295 160036 675038 404439 863540 
203186 892599 536457 166445 168434 979564 970880 781062 155501 789712 
656775 92319 945471 400556 636844 877857 252802 230357 617573 248973 
648741 533248 550419 424833 408841 977375 464539 23473 889373 790453 
59671 581672 357699 136374 850042 654279 430868 47395 698038 982734 
847241 743519 652381 73182 52611 580757 602985 663763 48014 467482 
844534 596038 45137 48172 483252 742194 19538 744875 723589 900753 
403772 789111 493606 671538 733181 911885 555688 185637 678494 741052 
736331 953465 759972 170524 19836 853980 940010 475393 800823 382881 
200553 325221 729363 947649 710854 941474 965093 334543 150303 310235 
348503 729703 903067 975229 807501 499352 60789 565546 240255 408097 
394852 4250 462455 623685 503744 214495 990101 682835 532673 103464 
418974 489831 598462 237542 200201 481190 355467 365608 821653 566694 
136659 434982 986446 766372 968081 280734 540209 272942 215661 72736 
277071 258646 520347 99009 761510 99010 120715 977758 477101 795379 
693178 954863 377088 75733 709685 512771 778790 215659 656016 460523 
396529 979135 462004 239854 691373 864733 931069 254187 39055 626324 
215444 843568 872735 64760 890208 636824 761383 695348 813777 884100 
181284 45465 383115 678202 733308 209621 641621 485800 391161 172309 
456149 886768 97123 437127 908687 27660 920067 247542 259029 696887 
300840 379080 855795 54092 809177 775048 868897 432289 850335 217284 
174776 138847 401025 651554 196539 326482 618286 845956 465059 324312 
762541 186314 913967 911576 79518 15376 326965 415624 779070 461218 
906313 654777 700907 559576 527709 526183 10216 21124 281945 2839 
5439 776137 708024 549967 198915 20518 258941 224818 240096 527298 
388797 801038 785735 642927 779063 587214 344398 303540 365562 648431 
92098 861191 965661 930907 146522 683021 220149 674529 510770 738928 
590602 264418 950796 721363 258777 538983 928367 207410 785335 444025 
540543 885452 738277 600561 770719 585350 450541 945313 143330 917347 
453228 891493 963456 432490 965617 580346 661467 403746 608622 979407 
728483 696851 79873 698746 790563 387028 801550 39005 606230 226797 
542089 170848 958071 225250 114324 957947 652919 456480 772793 355276 
241414 727693 705489 459828 52655 933563 431988 431336 896634 236919 
883305 410859 827140 951372 844927 363175 969934 364113 669634 943487 
741345 658001 418752 961518 98566 34259 87726 111012 39145 80264 
688525 311756 675319 414140 242540 352044 822852 845252 634760 469957 
449467 20463 801370 65813 584599 667383 761398 985245 199775 696742 
340388 910451 922743 445811 584439 213430 896194 817731 575669 992212 
349191 57761 94769 1956 440675 96284 464032 957193 935954 408783 
745101 652665 610496 700038 76405 504933 929680 443114 78967 883266 
375139 376078 502470 975025 31880 612979 168157 456685 457443 446622 
679117 539165 584731 284656 276793 370484 200770 979279 292791 265944 
63612 917956 101703 137402 520189 222881 520272 459161 115015 740746 
549780 627173 636887 910692 178092 734831 825016 109540 872547 111307 
974186 579072 569533 817634 501622 884061 664579 554889 566767 189062 
758489 32114 505617 84608 160644 309291 570995 71048 698108 154372 
403794 522883 990693 922513 244972 601463 624669 917117 417631 996522 
636449 525202 345400 37683 569468 992163 921428 332050 200084 195607 
215019 656860 554544 736549 839740 799621 311613 183530 155252 739909 
379596 545355 794553 965876 640717 989863 355118 922220 519118 781024 
125482 958075 69298 522677 483794 834301 216098 725091 825598 541540 
206789 7831 471106 433143 814164 702384 287324 19947 556770 453574 
715132 29747 125423 369716 759636 588850 978768 712040 282395 701536 
543093 654283 888036 125875 244053 296075 91180 632588 499143 483953 
916125 620951 729732 940770 386385 964112 878516 219890 120799 674329 
621948 724576 334150 141805 556693 144940 219737 312659 95361 346168 
588858 378900 722773 966191 412421 908056 1878 911407 598501 511044 
632683 970766 626011 51716 915286 106402 342580 386869 412950 912040 
496728 983932 22009 14517 142279 657684 833892 626417 982348 83525 
621236 600926 669373 664653 945350 282606 402595 452628 421099 122086 
743067 285923 431220 877896 967715 145942 377707 520407 418280 417147 
952668 963675 108037 873206 711033 676087 636894 165525 993045 635988 
822498 418952 314488 345689 408734 160643 923353 679396 804495 30455 
110671 31614 356360 769707 975334 492164 792136 271777 863400 315881 
505467 974427 273140 197927 724801 349054 497600 440331 341051 180286 
264447 41842 328007 926591 138480 824387 674959 812393 758399 824439 
388906 135838 248306 970688 52111 644230 55765 57860 883057 819244 
452245 111459 400960 692964 175100 51582 768637 664051 673579 888908 
382891 285175 463711 857433 970618 319339 501818 606420 939844 415663 
840005 552329 649655 771332 773896 907542 181854 554568 725487 757111 
498484 261183 305428 239741 995580 104221 512400 54565 640192 415701 
153422 667142 210154 356505 130134 269126 206417 863722 458099 94082 
403179 702117 577705 657319 610943 103989 918918 468454 817113 627055 
165291 217189 287525 444405 761372 438466 680448 24404 920440 334733 
858397 556420 583095 174407 184775 69054 280157 65956 28141 429103 
698480 182168 343416 958193 689491 598231 65268 521830 157986 642398 
352784 352172 553527 189403 949490 238086 586516 671554 2116 627365 
585280 527631 24847 304115 657835 937118 709877 504672 204396 426828 
451062 700586 581325 246122 550725 249277 450165 683420 653549 90690 
433820 534239 846257 84788 17064 918970 147683 497929 929034 995242 
934369 9124 588142 593626 813493 739967 999234 750412 396510 167602 
557948 532676 255346 112681 268982 232281 671322 913182 663137 698465 
327503 213751 78267 142190 681808 371940 262815 277862 260667 642671 
66627 461618 347373 343511 690685 351163 780199 60667 918606 640234 
996660 596204 620567 390203 628731 961068 509062 883854 28281 388876 
924022 470528 847999 509796 94402 302256 270178 203058 389161 695628 
652325 832899 900828 9871 227575 506487 412768 633738 795342 221425 
909788 912736 198271 615290 668229 783350 589180 309100 544028 950176 
407604 917411 214032 241374 781667 4368 204395 905316 879701 523316 
148119 973787 765364 864143 752115 63190 611707 18007 25671 960827 
29391 696857 286176 384620 877633 486621 767504 492546 772314 65138 
587481 20483 60204 388056 694975 838451 944379 647966 513472 26647 
643277 381289 566611 834832 880679 827151 116819 937374 990399 45454 
470642 668584 750841 499732 397845 279738 94832 185741 963984 425613 
473428 645418 456143 446533 24814 924681 608007 854706 139642 25696 
384363 618685 282802 238207 272370 177071 477628 213454 73942 264798 
43750 317770 327861 696747 406655 28436 630783 668874 110168 816790 
999739 206527 343347 925560 728818 170972 319671 706313 829235 46496 
283365 450113 500509 685152 309712 993177 116484 519591 311640 496564 
556548 628250 700916 334187 650882 748816 485796 589808 534703 720279 
943484 88013 663433 351061 315119 805803 506844 910887 596509 336662 
163436 618344 258429 680510 821383 945121 34580 38159 704752 931004 
651798 524331 748632 562889 828339 630925 570574 105491 378851 634894 
487972 271590 922803 268514 658533 933163 705774 364319 972256 861912 
215820 660196 258630 275765 102867 484891 266966 132013 277188 562953 
803611 655996 537 874003 627621 357453 185527 717836 469069 781561 
511876 681260 152915 5831 987882 700951 72059 600949 124260 129939 
35998 952661 975703 726024 92366 402347 909781 551459 723905 298632 
893215 328008 492464 763627 620764 728749 167728 884246 605478 954177 
814660 128976 556152 322283 695196 908829 498796 271432 621736 251617 
532906 741363 632003 694783 791358 142592 326839 818491 696204 201713 
562710 886589 522638 711821 281239 774699 491012 286998 276058 58144 
799289 967934 560910 264803 923497 119521 621029 156676 482303 192165 
902516 674238 120048 800168 79424 308399 789887 532032 919000 898986 
575962 996799 598270 16519 379842 329860 169712 159052 740271 947635 
636279 95003 216023 569149 849763 479504 303615 544246 837339 867124 
630495 822711 512450 660156 556243 890775 283994 813206 996525 886103 
726036 91684 749989 490896 28351 628597 918938 441743 855791 258705 
65379 503176 778360 529329 609368 924655 345594 28916 203569 626521 
738909 65524 377216 677633 365390 202864 838410 866506 215155 342781 
556701 445267 35089 350211 506342 393776 46948 421795 949230 124642 
406853 6704 799661 226823 197894 196164 194725 740033 647965 432657 
293207 761222 241132 909804 83912 221776 439788 868212 369145 656160 
39539 758708 780505 899474 369889 76771 85264 581631 325102 727021 
239257 281038 732177 660869 180510 660968 773221 136411 81342 70653 
498647 926616 735982 492101 714829 144423 958458 915721 534613 811200 
837692 510523 936993 571427 3428 470655 6748 4150 617778 978665 
262105 56087 743424 975691 835205 573134 621654 485215 214494 662964 
745110 717345 793085 850351 622520 774839 681725 196126 608059 317648 
873125 942332 344471 174908 359195 881443 451654 449831 439859 965635 
717689 144296 549308 365510 246238 501386 78014 767228 442271 663805 
860106 60124 132990 539790 951289 936907 30434 321103 299887 130660 
741446 821254 468154 324395 519680 715746 6412 789895 373563 759710 
672155 787416 87296 538739 353073 5668 571330 596377 438388 780507 
118191 895761 995336 944990 201735 758818 871248 671045 708736 189983 
779943 895631 749373 367767 840210 331380 268499 563528 945363 277722 
363336 310238 61778 899602 938389 948959 783776 891049 489775 648845 
447948 679121 143839 524364 34917 674778 868082 603775 500702 995056 
15613 142141 363604 260247 674870 102705 932430 636649 333139 266547 
758444 282930 648864 785884 14896 859862 452845 34914 515101 442797 
148172 455191 572604 448710 160297 799662 328094 901618 787994 141943 
105752 116616 766428 397952 771960 357102 50775 852454 419544 536053 
906042 475474 797757 957033 638475 940971 342309 282176 457205 448678 
863169 80224 444305 870513 545369 435466 980603 409885 634952 910484 
394688 664546 787750 793010 956920 720196 922012 250168 86891 50683 
135605 323014 710588 576826 145813 905585 408805 725261 172862 7993 
512126 80025 551859 456998 1356 58462 41722 382501 827260 748379 
116158 445524 737260 961576 512072 107009 938449 181545 251312 703465 
95674 848285 982247 604598 99659 118593 275177 751706 649030 690282 
532476 658784 733851 211886 923405 861151 307858 341390 805403 112405 
691806 734981 134933 908537 537198 848134 542386 495396 642592 38482 
664694 262268 707956 882203 687726 124545 275855 445892 907708 475075 
145041 747530 216569 731688 31825 732867 833516 798292 860624 213845 
118917 668941 662610 254717 268368 172027 170322 806189 2263 51362 
631954 791542 260281 355080 43117 371095 781772 485325 911451 563547 
797890 126113 838052 773671 455949 590824 81697 935717 335378 672864 
391516 755271 155189 357582 977575 373922 424676 398211 868055 137563 
337741 518043 350103 386686 517751 899597 62056 720312 449629 17994 
167359 652808 723914 795469 73313 186310 993374 643665 798010 244453 
211471 544217 800081 771187 478980 706665 905909 849172 819163 49187 
787274 184465 715650 421294 985430 509536 191738 389184 693288 736089 
991811 887227 983166 486700 945875 550390 107962 735167 337764 160743 
252912 631261 706406 361149 263349 719896 411415 484431 726692 223072 
317160 114983 512182 939243 77318 928905 295252 879891 698119 197457 
67317 820743 419596 794904 930746 694049 573977 806637 244941 973033 
42106 468666 400020 100081 134751 440027 720617 550088 405564 417834 
630972 38813 923426 542472 337804 576234 764645 836009 390569 23793 
882421 32083 140663 36551 531475 116950 205752 319130 670855 380071 
140458 739148 201070 957586 949541 78307 125752 53636 958174 835160 
427044 514766 915669 401663 978715 908795 643578 361245 58686 856609 
10184 452484 254405 201914 490722 619843 597403 627192 792530 977977 
630355 445502 496714 390098 120376 339139 558276 682419 475462 300765 
436072 508679 785979 967254 465314 667313 914722 398828 815492 379468 
202836 31824 629493 178337 275722 748758 162394 860593 495920 528240 
295193 655479 256623 28471 793260 196605 882674 807278 769265 493947 
289785 300074 420415 985604 444667 795879 413009 772221 469795 364672 
606920 665910 937253 46354 203262 796849 654376 233147 111387 720283 
672157 995441 978026 176103 313950 252331 280722 947040 233837 467968 
834347 577610 621482 332361 168495 499391 319789 212045 676830 570612 
99912 739277 460196 811971 295180 210607 56956 368479 546968 797951 
562076 317025 462741 937586 109837 954136 354839 785040 696884 988870 
79383 551261 764207 671569 453872 523334 545888 877489 730542 81794 
702729 365563 176722 317112 473995 843685 859798 732827 546525 647228 
103682 15982 828348 892437 852447 965830 278466 427846 835953 512923 
801171 52703 277878 594222 757421 346266 157748 664819 272962 780680 
634656 775566 266792 924732 616136 981571 255928 906245 811091 

