975703
326748
632683
720279
446622
444305
185637
105752
682835
696747
700586
562889
111307
412950
815492
720312
822711
270178
923353
341390
698119
28141
667313
124260
674329
900828
155189
793260
695628
583095
920440
588850
602985
167602
28281
172862
5668
674238
429103
560910
398211
492464
456480
966553
500702
361245
958075
182168
364113
795879
461218
346168
726024
797890
499143
490722
834347
300765
732867
393776
706665
771960
485215
991811
928905
700916
445524
266547
56956
787416
921428
677633
65138
643665
570612
72736
706313
626324
663137
373922
658101
197927
636449
496564
913468
441743
450541
493947
94832
424676
634760
585280
930907
985430
278848
761372
950176
186314
311640
982734
680510
92319
16519
408097
418974
896194
85264
146522
3428
387028
600561
363336
780505
933563
258777
562076
981571
799621
427846
406853
14896
733851
101703
990693
134947
779943
715132
980603
87296
145942
95361
905909
626417
899137
430050
796849
400020
916125
801038
739967
549967
806637
702384
36551
452484
576234
46948
895761
32114
6704
775566
365563
510523
52703
588394
81697
136411
83525
418952
979407
884246
811091
742194
120376
647228
606920
239257
714829
110168
473428
556243
813078
534239
800823
24814
364319
814164
484431
905585
906245
79383
627173
837692
616024
903067
703465
514766
34580
621029
728818
334150
863722
39539
277878
28436
280734
791542
757421
657553
963675
281239
967715
260247
410859
734981
20483
55765
843685
293207
510770
636649
651798
671538
908537
939844
178092
109837
668941
822852
924681
77318
868897
237542
419544
435466
920067
155252
458099
519680
880679
289785
657319
53636
378900
300074
211155
442797
809177
536053
407604
128953
520407
662610
945471
542089
603775
268514
674529
140663
935537
30455
527631
957586
821254
903332
107962
426828
693178
432657
974427
58144
371095
620567
65524
55754
634894
692964
664579
882203
251617
386956
492546
401663
212045
159052
97123
992163
892437
50775
200770
92366
886589
698038
443114
748758
544116
409328
519118
369716
974186
648431
658784
496714
172027
721363
15613
277071
918918
972256
292791
28351
700038
181284
993374
31880
45454
632588
792530
803611
979135
630783
489831
820743
350211
43750
35089
940010
342580
118593
940971
551859
160743
445811
558276
977375
910451
167359
99010
45137
132990
618344
821383
587214
353073
287525
226797
343511
440027
214494
518043
609368
957193
850042
621654
240096
726692
396333
23793
415624
304115
25696
817634
661467
758399
785979
712040
597403
215661
260281
185527
758818
343347
111459
573977
324395
975691
364672
72059
749373
544246
761510
734831
197457
551459
630495
148119
20463
795013
470642
141805
783776
977811
846257
511876
508679
150303
652381
866506
139642
160036
727693
782004
633738
696887
4150
847999
52655
311613
63190
215019
794553
522677
569533
462741
523316
843568
328008
985245
549511
995580
790563
1107
146002
91684
56087
217112
456998
64760
838052
501818
314488
166445
802076
163436
852454
99490
67317
79518
670737
608059
95674
539790
420415
570995
464539
499391
233837
968081
225250
427044
106901
892599
9124
909788
525202
31825
503744
21124
891049
91180
94082
660869
747530
254717
378851
634952
252331
911451
909781
258630
969934
200553
908795
462455
363175
824439
608007
917411
958193
389184
495396
296075
860106
586516
781062
51582
459105
489775
24847
817731
879701
58462
627055
439788
502470
860624
206417
22009
617338
34917
391516
84788
847241
51362
461618
459828
469069
835953
628597
262815
449629
323014
750841
460523
878516
611707
949541
725091
682419
769707
520189
2116
995441
417147
214032
402347
649030
59671
569149
380071
924732
774699
556701
648845
732177
6748
396529
963984
844534
978665
442271
884061
598231
532032
354839
73942
286998
690685
643277
642592
780885
154372
662964
780680
640192
437127
261183
856609
882421
2839
524331
801370
351061
147683
930746
520272
496728
311756
365608
681260
281945
970766
521830
910692
109540
165291
719896
888036
685152
585350
766428
467968
94402
391161
475474
588858
652919
620951
160643
631954
469795
350103
275855
343416
783913
772314
352784
20518
148172
836009
52111
183530
598270
736089
680448
168495
227575
789712
75733
655996
70653
570574
73313
728483
934369
954136
356505
425175
512923
951289
593626
206299
353984
125482
771802
189403
658001
284656
679121
283994
828339
645418
54565
738277
386385
280157
664819
122086
740746
780199
475393
60789
633969
13082
694783
923426
729732
216023
195607
27660
206789
328007
168157
98566
621482
142279
671569
110671
672157
135918
160343
359195
739277
419397
590602
401025
452628
556420
864143
352172
51716
911576
720617
179862
469957
532476
781024
704752
964112
899597
953465
668584
196605
522295
924022
100081
520347
403794
539165
342309
748632
886103
696742
773896
887227
780507
61778
58686
255044
287324
29747
130660
326839
54092
626011
239741
119521
285175
421795
804495
351163
272962
726036
498796
813206
724801
664546
553527
185312
256623
365510
600949
767504
426947
556770
488660
1878
801171
550390
394852
554544
542386
965661
735982
729703
663433
94769
191738
669373
727670
69298
265944
421294
628731
34914
263349
259029
771332
244053
49187
945350
658533
638809
848285
379596
76771
631261
761222
418280
334187
979564
913967
789111
758444
673579
334733
636894
468154
545355
415663
282930
281038
201914
336662
271432
4368
926591
31824
671322
349191
975334
41722
530749
527709
687726
720196
76405
213430
79873
252802
194725
563547
470655
821507
544217
888908
268368
710588
65813
408841
584599
691806
486700
238207
740033
805803
483953
522638
276058
111387
598462
382501
239854
881443
765364
262268
799662
797757
211471
877489
965830
455191
251312
562710
397845
224818
749989
739148
558666
271777
833477
509536
142592
319339
923405
708736
309291
203262
448506
724576
207410
654279
438481
417631
623126
608622
857433
25671
813777
683420
745101
134751
617573
345689
258705
498647
787274
644230
409885
390203
491012
381289
57761
554622
430868
357102
200084
833516
279738
506487
571427
215444
255346
576826
277188
355467
787994
657835
397952
122569
778790
273140
512400
793085
414140
867124
220149
487972
858397
701536
333139
531475
30434
700951
937374
656160
918970
45465
201735
465059
464032
937118
271590
213751
645082
783350
690282
538739
408783
204395
38813
345594
663805
389161
512450
977758
357453
189062
596038
268982
19836
890208
855791
674778
184465
524561
450113
679117
975229
317648
829235
388797
907542
768637
444405
818491
988870
736549
600926
648210
543093
615290
405564
965876
444025
656775
937586
600274
140458
439046
759972
60204
996522
22176
99659
43258
917347
850351
94158
328850
145813
155501
529329
948959
174776
532673
254405
785335
982247
48014
310235
299924
211886
324312
992212
743067
872735
863400
105491
584439
355276
47395
255928
475299
449467
612979
241414
999739
627192
116158
57402
707956
50683
636824
403772
933163
789887
771187
656860
772221
178337
943487
691373
432289
696857
674959
495920
382891
214495
384620
356360
983166
816790
827140
431336
922743
912040
35998
978715
217189
554370
198271
996525
879891
533248
99912
493606
440675
872547
522883
894933
601463
236919
767228
132013
923497
559576
610943
805403
606230
945313
634656
885452
38159
400556
124642
230357
329860
883305
92098
935717
111012
199775
196126
792136
204396
60124
532906
989863
977575
537
221776
65956
65379
817113
799661
406655
956920
341051
694975
32083
96284
781772
78967
408805
932430
81794
636279
993045
376078
482303
213094
363604
7993
725487
973787
369145
798010
10184
485325
895631
436072
176103
116819
763627
807501
130134
770905
587481
834832
621948
715746
943484
741446
509062
628250
617778
424833
629493
314953
371940
102867
205752
737260
779070
533609
42106
328094
515101
669634
952668
120048
549780
806189
339337
589808
112681
315119
103682
254351
801550
210607
743424
950796
706406
606420
671554
418752
694049
517751
947649
781667
527298
168434
779063
748816
280722
676830
741345
114983
317025
965617
78014
579072
43117
650882
116616
272370
970688
565546
153422
275765
29391
626521
664051
189983
506342
958174
554889
2263
938389
180286
432490
918938
240255
106402
596204
386869
337610
532676
899602
142190
820709
572604
60667
447948
947635
116950
326482
961068
623685
944379
698746
798292
728749
695348
457443
951372
996799
901618
995336
511044
705774
834301
931069
854706
917956
31614
688525
744875
825598
624669
277862
48172
890775
388745
874003
238086
108037
41842
258646
761383
367767
868212
861191
141943
905316
321103
651482
157986
990101
332050
87726
120799
575962
590824
936993
412768
664694
960827
773671
672864
468454
19538
34259
594222
37683
184775
286176
1956
309712
654376
987917
996660
460196
1356
143839
794904
970880
750412
678202
924655
931873
346266
377707
764645
870513
70717
995056
911885
282176
126113
589180
120715
877633
365390
965093
776137
133356
695196
945875
69054
322283
727021
664486
408734
355118
795379
455949
914722
282802
563528
136374
134933
125875
789895
73182
202836
978026
740271
937924
732827
46411
172309
954863
203186
490896
833892
439859
931004
773221
513472
384363
449831
958071
456143
835205
717836
26647
528240
17994
913182
745110
509796
196685
170524
758708
555688
759636
185741
772793
873125
537198
201070
604598
177071
910484
710854
636887
200201
243982
50020
566767
39055
983932
404439
467482
793010
663763
501622
657684
326965
332361
709685
660968
342781
38482
538983
124545
562953
453574
954177
63612
909804
203569
743519
65268
478980
922513
860593
911407
675110
733308
534703
313950
282395
775048
723914
952661
344471
483252
475075
942332
180510
192165
970618
709877
357699
412421
549308
577705
672155
431220
309100
541540
19947
647965
213454
305428
215659
681725
922220
654283
790453
936907
438466
202925
244972
355080
143165
766372
671045
86516
945121
883057
861151
201713
902516
196539
963456
546525
156676
445892
813493
819244
526183
729363
137563
142712
223072
785040
213845
618685
573134
656016
940770
527424
473995
254187
264447
197894
911771
863169
706708
797951
915286
368479
667383
967254
477101
618286
999234
651554
627621
15982
299887
78267
720283
636844
396510
99009
517523
421099
46496
827260
580757
312659
295252
370484
647966
348503
622520
741363
246238
165525
664653
176722
144296
118191
906042
216569
83912
325221
327503
915721
152245
868082
900038
774839
759710
957033
144423
394688
162394
882674
276793
550419
500509
325102
266966
142141
758489
755271
654777
641621
725261
375139
652665
300840
506844
80025
655479
778360
167728
554568
433143
498484
610496
717689
357582
939243
635671
540209
730542
839740
949490
398828
638475
448710
411415
835160
310238
787750
17064
462004
233147
499352
88013
450165
342578
298632
503176
446533
853980
81342
317160
258941
181545
767900
877857
463711
630925
470528
915669
821653
479504
349054
170322
415701
550088
215155
849172
660156
632117
926616
379080
285923
210154
674870
334543
451654
596377
523334
308399
209621
850335
496485
66627
762541
745860
5439
899474
698108
125752
800081
908056
169712
403746
438388
400960
545888
896634
260667
377216
160644
249277
115015
621236
440331
468611
733181
995242
581672
268499
448678
544028
643578
785692
708024
331380
494784
9871
455692
272942
630355
215820
275177
347373
840210
144940
961576
456149
900753
928367
966191
949230
556693
738928
135838
175100
696884
698480
277722
226823
852447
303615
143330
868055
556152
832899
339139
282606
698465
307858
871248
580346
949362
769265
550725
186310
683021
57860
365562
961518
323252
383115
652808
557948
630972
935954
965635
581631
640717
125423
445502
490617
390569
814660
838410
598501
174407
116484
104221
642398
337804
264803
315881
269126
933505
891493
319671
990399
910887
221425
157748
986446
247542
855795
403179
505617
499732
576559
378636
566694
863540
621736
883854
652325
937253
103989
425613
198915
723589
80224
39145
893215
738909
28916
388876
668229
702117
248973
103464
696851
327861
84608
39005
642927
138480
248306
477628
4250
114324
917117
877896
861912
736331
811971
505467
222881
918606
217284
702729
761398
483794
715650
317770
481190
242540
681808
196164
118917
700907
475462
987882
975025
675038
198512
317112
453872
967934
982348
770719
577610
711821
837339
652727
912736
160297
519591
331590
663979
295193
791358
678494
977977
711033
819163
361149
373563
80264
982931
431988
216098
536457
651118
62056
845252
714201
947040
152915
508837
919000
136659
87879
345400
838451
640234
5831
419596
679396
907708
990702
241132
512182
524364
754159
232281
264798
556548
869637
889373
884100
413009
453228
388056
873206
849763
445267
135605
811200
859862
741052
465314
90690
534613
575669
840005
649655
434982
174908
693288
859798
14517
908687
827151
459161
735167
551261
925560
581325
757111
471106
512126
382881
107009
452245
246122
484891
352044
18007
552329
379468
7831
653549
369889
241374
335378
546968
929680
504672
52878
739909
52611
46354
675319
28471
512072
275722
717345
642671
848134
785884
898986
765412
540543
112405
71048
944990
596509
957947
23473
258429
79424
979279
95003
504933
485796
648864
452845
985604
676087
145041
295180
319789
170972
689491
824387
864733
993177
807278
379842
908829
86891
795342
250168
800168
705489
25969
457205
764207
206527
283365
219737
958458
569468
844927
444667
492164
170848
545369
688668
632003
731688
15376
660196
512771
50804
781561
102705
648741
497929
752115
973033
812393
723905
390098
233
468666
6412
922012
938449
667142
941474
264418
978768
566611
485800
10216
386686
219890
668874
344398
266792
203058
945363
388906
252912
620764
696204
822498
310561
319130
670855
665910
262105
128976
174794
785735
129939
571330
929034
845956
542472
616136
588142
377088
906313
302256
605478
337741
456685
816141
36939
433820
886768
78307
486621
137402
340388
619843
584731
627365
243099
331630
922803
635988
451062
751706
202864
337764
181854
825016
278466
795469
883266
244453
799289
244941
402595
497600
417834
492101
748379
501386
138847
722773
828348
303540
24404